Number of Sets:
34    1
1: Morse (C-O)
0      1       2
2      1       0       0
2.8  3.4
2: Morse (C-H)
0      1       2
2      3       0       0
0.7  1.7
3: Morse (O-H*)
0      1       2
1      5       0       0
0.88  2.15
4: Morse (C-H*)
0      1       2
5      2       0       0
0.9  2.0 
5: Morse (H-H)
0      1       2
4      3       0       0
0.8  2.6
6: Morse (O-H)
0      1       2
1      4       0       0
0.7  2.4  
7: Tetrahedron (C,H,H*,O)
-1     2       0
2      3       5       1
0.3  3.5
8: 4DotProd ((O)-H*,C,H)
-3    -2       0
1      5       2       4
0.4  3.2     
9: Angle (H-C-H)
1      2       0
4      3       2       0
0.100  2.000
10: Angle (H*-O-C)
1      2       0
5      2       1       0
0.100  2.000
11: Yukawa (O-H*)
0      3       1
1      5       0       0
1.02  1.80
12: Yukawa (C-H) 
0      3       1
2      3       0       0
0.97  1.67
13: Yukawa (H-H)
0      3       1
3      4       0       0
0.70  1.00
14: Umbrella ((C)-H,H,H*)
-2    -2       0
2      3       4       5
0.200  2.000
15: Umbrella ((C)-O,H,H)
-2    -2       0
2      1       3       4
0.2  2.0
16: Gauss (C-H*)
0      2       1
2      5       0       0
0.3  1.5
17: Angle (H-C-O)
1      2       0
3      1       2       0
0.100  2.000
18: Angle (H-O-H)
1      2       0
3      4       1       0
0.100  2.000
19: Angle (H*-C-O)
1      2       0
5      1       2       0
0.100  2.000
20: Angle (H*-C-H)
1      2       0
5      3       2       0
0.100  2.000
21: 4DotProd (O,H*,C,H)
-3    -2       0
1      5       2       3
0.1  3.8
22: Gauss (C-H)
0      2       1
2      3       0       0
0.5    3.0
23: Angle (H-O-H*)
1      2       0
3      5       1       0
0.1    2.0
24: Tanh (O-H*)
0      7       0
1      5       0      0
0.2  2.7
25: Tanh (C-H)
0      7       0
2      3       0      0
0.3  2.5
26: Umbrella ((O)-C,H,H*)
-2    -2       0
1      2       3      5
0.2    3.8
27: Umbrella ((O)-C,H,H
-2     2       0
1      2       3      4
0.2    3.8
28: 4DotProd (H*,O,H,H)
-3    -2       0
5      1       3      4
0.22  3.80
29: Umbrella ((H)-O,C,H
-2    -2       0
3      1       2      4
0.22  4.0
30: Umbrella ((H)-H*,C,H)
-2    -2       0
3      5       2      4
0.22  3.80
31: Umbrella ((O)-H*,H,H)
-2    -2       0
1      5       3      4
0.2   3.80
32: Tanh (C-H*)
0      7       0
2      5       0      0
0.2   3.0
33: Gauss (H-H*)
0      2       1
3      5       0      0
0.18  1.00
34: Yukawa (C-O)
0      3       1
2      1       0      0
0.97  2.67
1 1 1 1 1 1 0 0 1 1 1 1 1 0 0 0 0 1 1 1 0 0 1 0 0 0 0 0 0 0 0 0 0 1 2
